     0.000000     0.000000     0.000000    -0.000000    -0.000000     0.000000
    -0.000000    -0.000000    -0.000000    -0.000000    -0.000000    -0.000000
     0.000000    -0.000000    -0.000000     0.000000    -0.000000    -0.000000
    -0.000000    0.0316200    -0.000000     0.000000    -0.000000  -0.00118000
   -0.0104300   -0.0119000     0.000000     0.000000     0.000000     0.000000
     0.000000    0.0166400   0.00488000    -0.000000   -0.0131200    0.0238500
    -0.000000    -0.000000     0.000000    0.0351000    0.0325400   0.00303000
     0.000000    0.0179700    0.0210200    -0.000000     0.000000    -0.000000
    -0.000000    -0.000000   -0.0239600     0.000000   0.00709000    0.0310700
     0.000000   -0.0152000     0.000000     0.000000     0.000000   -0.0304700
  -0.00567000    -0.000000   -0.0271100   -0.0234400  -0.00185000   0.00814000
     0.000000   -0.0287300   -0.0106300     0.000000     0.000000    0.0123000
     0.000000     0.000000   -0.0114000   -0.0302500    0.0124500   0.00563000
     0.000000  -0.00332000  -0.00940000     0.000000   -0.0343500    0.0119800
  -0.00878000   -0.0140600   -0.0182900    0.0168800    0.0248700   -0.0161400
   0.00314000   -0.0145200   -0.0213800   -0.0179400   -0.0169000   -0.0103000
  -0.00759000   -0.0242300   -0.0343500   -0.0339600  -0.00376000    0.0205600
   0.00735000   -0.0180500  -0.00898000   0.00641000  -0.00916000  -0.00828000
   -0.0357600   -0.0550200   -0.0125400   -0.0236100   -0.0128500   -0.0161700
    0.0114200   -0.0204500  -0.00718000   -0.0206900   -0.0342600   -0.0150300
   -0.0259900   -0.0209200   -0.0154900   -0.0174300   -0.0335200   -0.0170800
    0.0106900     0.000000
